745174
1959464
3388535
3466989
3558583
4076966
4788246
5094600
5340573
6268111
6305099
7511992
7964805
8099733
8462689
8835189
9143203
10372001
10563135
10874687
11035206
11258936
12347839
12584127
12659523
13457435
13955797
14210464
15656625
16065079
18362184
19413088
20486393
21076038
21621618
21685049
22430360
22821414
23455287
23845110
24547020
25271917
26149252
27585564
28701652
30734016
32679634
35461916
36316606
43272216
44099512
45946192
47521079
50193257
50662603
50990550
58176015
62119368
81093757
84348335
89670317
94153814
96321185
96341235
100395514
112143351
123016723
135726134
140010709
140615989
141432350
144613522
147637292
150586226
155190335
157143197
158042674
159826300
161564207
163903032
164264257
165409583
165902001
169075824
171830341
173261333
175257367
178251779
178525675
182241839
183891705
184781638
185015498
193797684
199124652
202747433
202768121
204577016
212331531
213492579
215599463
216981567
220636329
220636910
228664539
230830359
231949960
233538341
237987217
239250956
240782932
245891962
255532056
256456693
263802455
266568693
286643875
291867420
292162470
293157209
297641114
314236448
324423854
329346365
334370635
336016752
337801876
341338630
342161226
342859733
346319577
361744924
365326672
376173171
390813606
391393483
395649239
404372603
416004119
424977871
428339767
445520639
446647730
446864104
450555499
461230195
479614312
480536215
